vertice,x,y
0,599703.083,7851396.897
1,599834.284,7851218.660
2,599942.976,7850634.726
3,600187.406,7850505.772
4,600099.142,7850947.053
5,600221.290,7850974.265
6,600370.700,7850824.808
7,600492.921,7850770.566
8,600683.075,7850566.873
9,600764.571,7850627.951
10,600825.589,7850593.967
11,600907.065,7850689.019
12,601212.668,7850648.355
13,601149.594,7850501.810
14,601299.884,7850490.923
15,601393.043,7850495.918
16,601496.109,7850461.270
17,601486.672,7850410.170
18,601496.388,7850344.542
19,601623.493,7850356.958
20,601612.435,7850406.766
21,601512.893,7850481.401
22,601526.389,7850533.225
23,601429.036,7850595.931
24,601501.938,7850606.608
25,601595.450,7850611.522
26,601719.007,7850524.435
27,601753.135,7850543.182
28,601807.829,7850627.209
29,601841.247,7850626.513
30,601851.129,7850631.116
31,601889.083,7850591.271
32,601930.873,7850609.922
33,601984.486,7850623.530
34,602027.373,7850599.907
35,602080.798,7850549.297
36,601734.939,7850393.946
37,601798.202,7850273.603
38,601837.351,7850220.541
39,601786.738,7850192.125
40,601756.801,7850175.624
41,601825.433,7850102.652
42,601932.679,7850150.707
43,601960.950,7850099.292
44,601723.966,7850034.408
45,601831.808,7849907.533
46,601682.772,7849835.924
47,601731.374,7849775.703
48,601974.479,7849764.144
49,602047.862,7849684.157
50,601973.150,7849616.186
51,601827.749,7849645.423
52,601767.070,7849418.193
53,601710.788,7849201.385
54,601935.710,7849404.873
55,602260.062,7849087.510
56,602781.019,7848873.175
57,602973.097,7848370.928
58,603117.881,7848330.876
59,603326.046,7848165.858
60,603252.097,7848033.600
61,603151.373,7847753.313
62,602644.520,7847553.433
63,602578.278,7847408.388
64,602254.414,7847306.052
65,602205.257,7847127.427
66,602115.983,7846613.104
67,601987.423,7846593.420
68,601879.279,7846571.311
69,601862.165,7846413.842
70,601917.558,7846288.364
72,601149.725,7845928.338
73,601019.561,7845640.110
74,601144.053,7845730.814
75,601625.009,7845398.837
77,601772.823,7844816.941
78,601718.690,7844777.692
79,601669.426,7844796.526
80,601629.667,7844793.488
81,601604.928,7844788.795
82,601572.827,7844789.448
83,601539.602,7844789.165
84,601513.707,7844790.235
85,601493.983,7844797.130
86,601485.440,7844800.805
87,601462.382,7844818.262
88,601457.485,7844822.672
89,601451.708,7844826.736
90,601439.706,7844844.026
91,601426.850,7844888.085
92,601424.526,7844906.568
93,601415.068,7844947.874
94,601414.790,7845024.843
95,601353.556,7844999.842
96,601332.698,7844972.359
97,601312.743,7844958.437
98,601265.338,7844931.080
99,601254.897,7844898.939
100,601256.955,7844874.782
101,601268.037,7844850.794
102,601246.242,7844813.157
103,601243.766,7844797.456
104,601216.701,7844779.559
105,601225.979,7844758.619
106,601233.327,7844738.989
107,601233.327,7844738.989
108,601251.768,7844700.579
109,601267.430,7844663.848
110,601276.436,7844643.858
111,601288.015,7844632.310
112,601313.716,7844626.100
113,601330.307,7844610.633
114,601360.233,7844582.206
115,601385.523,7844561.363
116,601392.650,7844553.934
117,601398.889,7844545.870
118,601400.111,7844541.087
119,601407.144,7844512.180
120,601437.480,7844501.318
121,601458.016,7844495.232
122,601462.779,7844498.169
123,601472.363,7844504.845
124,601517.028,7844538.742
125,601533.188,7844550.587
126,601555.280,7844567.620
127,601573.306,7844581.011
128,601605.821,7844611.443
129,601651.331,7844633.864
130,601670.835,7844643.418
131,601674.376,7844645.286
132,601708.154,7844662.199
133,601727.095,7844711.723
134,601740.556,7844748.531
135,601740.556,7844748.531
136,601736.685,7844753.693
137,601792.824,7844794.386
138,601887.957,7844709.751
139,602246.164,7844661.747
140,602682.366,7844243.801
141,602628.088,7844165.869
142,602597.629,7844198.240
143,602530.841,7844117.519
144,602607.792,7844036.150
145,602672.679,7843702.642
146,602597.652,7843660.581
147,602572.326,7843722.057
148,602452.285,7843706.050
149,602400.364,7843756.294
150,602347.458,7843908.074
151,602188.089,7843764.835
152,602164.660,7843634.675
153,601959.417,7843678.462
154,601921.213,7843580.218
155,601918.238,7843575.243
156,601889.638,7843575.298
157,601864.301,7843581.175
158,601847.190,7843598.549
159,601831.063,7843615.319
160,601816.566,7843616.155
161,601779.600,7843606.412
162,601762.517,7843592.420
163,601744.429,7843567.203
164,601742.833,7843542.316
165,601763.916,7843524.499
166,601788.636,7843519.976
167,601791.175,7843519.935
168,601823.576,7843513.444
169,601826.505,7843514.137
170,601858.254,7843515.733
171,601859.326,7843516.224
172,601880.693,7843523.408
173,601892.994,7843534.619
174,601898.561,7843534.490
175,601910.340,7843478.645
176,601951.736,7843434.588
177,601988.945,7843425.024
178,602046.168,7843496.996
179,602057.766,7843484.824
180,602068.501,7843486.181
181,602079.364,7843486.785
182,602085.738,7843501.725
183,602093.929,7843511.416
184,602106.339,7843518.967
185,602116.255,7843524.002
186,602121.283,7843525.001
187,602129.455,7843512.746
188,602086.042,7843438.060
189,602056.253,7843404.048
190,602044.426,7843352.440
191,602072.627,7843351.315
192,602083.078,7843312.173
193,602075.475,7843280.348
194,602103.656,7843267.077
195,602198.329,7843219.843
196,602236.336,7843147.905
197,602292.311,7843096.368
198,602292.311,7843047.663
199,602120.448,7843152.673
200,602109.718,7843174.390
201,602091.888,7843216.497
202,602052.481,7843251.005
203,602020.393,7843273.289
204,601998.086,7843273.006
205,601959.086,7843267.373
206,601950.545,7843285.442
207,601943.568,7843311.796
208,601907.989,7843325.160
209,601875.747,7843340.397
210,601851.206,7843353.162
211,601836.212,7843385.583
212,601828.813,7843418.954
213,601791.410,7843456.375
214,601742.892,7843483.430
215,601722.694,7843487.346
216,601685.766,7843474.202
217,601661.275,7843460.253
218,601612.221,7843463.294
219,601587.559,7843460.210
220,601565.186,7843474.207
221,601561.599,7843506.847
222,601533.262,7843532.133
223,601492.412,7843535.478
224,601488.792,7843529.958
225,601486.576,7843527.414
226,601461.190,7843512.812
227,601428.093,7843494.312
228,601406.936,7843479.346
229,601384.810,7843460.249
230,601375.290,7843432.038
231,601385.610,7843408.795
232,601393.057,7843386.597
233,601419.176,7843360.976
234,601430.500,7843355.292
235,601433.436,7843352.878
236,601438.534,7843347.584
237,601478.485,7843292.808
238,601518.994,7843251.597
239,601540.153,7843228.972
240,601578.935,7843211.222
241,601610.638,7843201.769
242,601613.242,7843202.487
243,601803.433,7842985.275
244,601721.898,7842856.252
245,601605.232,7842775.104
246,601732.732,7842720.318
247,601857.727,7842583.900
248,601856.546,7842582.131
249,601876.634,7842565.930
250,601957.074,7842561.044
251,601974.515,7842552.873
252,602001.639,7842534.327
253,602025.264,7842526.735
254,602046.176,7842531.512
255,602078.412,7842556.540
256,602104.417,7842534.945
257,602107.080,7842532.032
258,602103.432,7842528.823
259,602095.009,7842521.640
260,602091.149,7842518.552
261,602080.377,7842510.979
262,602070.590,7842505.584
263,602063.602,7842502.397
264,602052.598,7842498.151
265,602031.873,7842491.585
266,602016.201,7842486.523
267,602007.053,7842483.792
268,601996.940,7842481.330
269,601990.107,7842480.108
270,601981.088,7842479.151
271,601970.489,7842479.452
272,601964.527,7842480.989
273,601958.829,7842483.913
274,601953.266,7842487.789
275,601947.800,7842491.794
276,601942.315,7842495.352
277,601936.411,7842498.570
278,601928.667,7842501.829
279,601922.138,7842503.731
280,601916.140,7842504.799
281,601911.023,7842505.226
282,601905.537,7842505.401
283,601898.697,7842505.615
284,601891.725,7842506.374
285,601887.643,7842507.374
286,601883.865,7842508.910
287,601878.807,7842512.093
288,601873.989,7842515.898
289,601867.525,7842520.859
290,601858.042,7842526.102
291,601851.418,7842527.902
292,601843.873,7842527.934
293,601839.176,7842527.393
294,601831.089,7842525.360
295,601825.212,7842522.584
296,601817.094,7842517.016
297,601809.617,7842512.670
298,601803.882,7842510.839
299,601796.363,7842509.453
300,601794.337,7842509.115
301,601786.759,7842507.795
302,601785.290,7842507.657
303,601782.769,7842508.815
304,601775.721,7842514.587
305,601767.786,7842521.551
306,601763.463,7842526.644
307,601757.153,7842537.742
308,601749.373,7842549.067
309,601745.015,7842555.778
310,601741.168,7842560.956
311,601736.639,7842565.778
312,601732.955,7842571.051
313,601705.792,7842538.865
314,601684.764,7842473.339
315,601647.450,7842350.426
316,601571.834,7842294.063
317,601543.714,7842237.736
318,601562.675,7842232.912
319,601661.228,7842213.169
320,601620.797,7842126.020
321,601534.222,7842156.079
322,601435.761,7842152.853
323,601401.930,7842080.451
324,601432.187,7842049.652
325,601460.539,7842019.106
326,601431.351,7841989.366
327,601388.329,7841983.806
328,601364.329,7841997.153
329,601361.666,7841986.818
330,601353.282,7841980.439
331,601336.509,7841974.725
332,601322.729,7841971.040
333,601321.698,7841970.293
334,601319.610,7841967.656
335,601319.302,7841967.067
336,601314.423,7841955.638
337,601307.586,7841934.183
338,601291.408,7841916.189
339,601262.149,7841897.923
340,601246.295,7841892.112
341,601228.492,7841889.203
342,601210.929,7841890.080
343,601198.324,7841892.743
344,601183.989,7841897.900
345,601168.198,7841907.256
346,601156.512,7841919.032
347,601150.061,7841930.369
348,601146.992,7841941.937
349,601146.455,7841950.004
350,601147.091,7841959.093
351,601150.528,7841973.332
352,601158.327,7841995.429
353,601160.220,7842004.164
354,601160.906,7842014.150
355,601161.565,7842027.607
356,601161.806,7842030.969
357,601163.394,7842047.612
358,601166.792,7842076.939
359,601170.322,7842110.026
360,601170.560,7842111.888
361,601164.618,7842113.561
362,601099.107,7842129.656
363,601006.745,7842129.109
364,600975.218,7842105.183
365,600963.899,7842105.062
366,600935.820,7842100.480
367,600896.325,7842110.851
368,600862.149,7842126.262
369,600832.165,7842146.656
370,600803.443,7842178.945
371,600787.018,7842210.924
372,600779.641,7842237.685
373,600777.684,7842256.177
374,600778.490,7842278.784
375,600785.929,7842303.194
376,600809.964,7842323.199
377,600841.918,7842315.931
378,600864.486,7842300.358
379,600878.569,7842287.782
380,600896.370,7842270.199
381,600905.445,7842262.515
382,600914.099,7842257.449
383,600931.201,7842250.807
384,600951.894,7842243.131
385,600968.873,7842234.846
386,600982.750,7842225.708
387,600995.235,7842214.817
388,601007.637,7842198.960
389,601049.079,7842180.954
390,601128.633,7842147.257
391,601164.040,7842155.070
392,601181.433,7842169.946
393,601184.643,7842181.116
394,601214.569,7842198.288
395,601325.638,7842148.675
397,601496.073,7842270.393
398,601509.183,7842321.077
399,601495.203,7842367.544
400,601518.211,7842371.932
401,601574.520,7842380.506
402,601587.379,7842410.129
403,601545.650,7842437.668
404,601577.182,7842477.500
405,601598.625,7842562.150
406,601605.737,7842630.591
407,601594.732,7842648.626
408,601599.242,7842684.982
409,601588.703,7842714.879
410,601515.942,7842763.309
411,601505.577,7842775.912
412,601160.896,7842961.888
413,601107.794,7843081.689
414,601176.725,7843166.681
415,601258.871,7843236.023
416,600718.020,7843682.460
417,600411.781,7843330.852
418,600305.106,7843207.746
419,600413.119,7843199.337
420,600434.630,7843180.150
421,600446.831,7843214.971
422,600487.743,7843204.829
424,600533.472,7843016.776
425,600539.349,7843007.708
426,600499.730,7842989.859
427,600510.992,7842955.786
428,600496.449,7842942.584
429,600479.061,7842946.011
430,600465.556,7842963.068
431,600410.380,7842970.963
432,600372.564,7842956.725
433,600337.478,7842951.753
434,600216.636,7842985.925
435,600200.149,7842967.093
436,600186.811,7842946.909
437,600142.526,7842929.770
438,600115.725,7842931.043
439,600097.737,7842938.150
440,600050.833,7842874.971
441,599951.157,7842914.871
442,599623.361,7843214.351
443,599506.464,7843274.928
444,599212.324,7843417.242
445,599141.417,7843443.887
446,599086.618,7843507.512
447,599103.584,7843619.560
448,599208.424,7843716.071
449,599355.073,7843851.127
450,599579.039,7843886.383
451,599738.165,7843790.691
452,600082.637,7843965.033
453,600116.663,7843956.644
454,600156.613,7843939.855
455,600180.300,7843943.238
456,600220.118,7843965.458
457,600245.326,7843966.081
458,600242.464,7843994.794
459,600240.245,7843996.428
460,599580.790,7844429.764
461,599233.389,7843976.323
462,599126.600,7844044.349
463,599092.982,7844021.553
464,599077.654,7844012.871
465,599069.340,7844004.562
466,599053.954,7843988.790
467,599040.653,7843983.109
468,599014.137,7843972.338
469,599005.491,7843965.803
470,598999.135,7843958.514
471,598989.734,7843938.086
472,598989.289,7843926.951
473,598996.332,7843919.071
474,599092.632,7843936.377
475,599092.632,7843927.056
476,599090.257,7843906.812
477,599063.761,7843879.557
478,599034.290,7843863.414
479,598991.750,7843854.985
480,598960.259,7843855.704
481,598929.978,7843905.369
482,598950.655,7843999.712
483,598946.478,7844021.407
484,598924.215,7844035.943
485,598925.312,7844074.209
486,598901.709,7844102.800
487,598912.787,7844140.918
488,598877.705,7844160.697
489,598864.242,7844211.770
490,598878.762,7844231.091
491,598909.016,7844243.144
492,598960.064,7844258.437
493,598945.343,7844281.503
494,598915.361,7844286.955
495,598887.897,7844283.555
496,598845.076,7844271.515
497,598816.250,7844288.188
498,598817.390,7844314.011
499,598828.511,7844333.332
500,598890.684,7844384.770
501,598863.020,7844439.626
502,598870.923,7844457.629
503,598876.588,7844511.337
504,598895.421,7844513.679
505,598934.306,7844533.957
506,598984.984,7844481.371
507,598980.859,7844464.498
508,599029.583,7844500.000
509,599013.778,7844530.533
510,598979.876,7844548.001
511,598971.246,7844576.448
512,598970.615,7844590.723
513,598990.629,7844606.131
514,599000.485,7844625.483
515,599021.129,7844631.007
516,599026.571,7844621.225
517,599036.300,7844580.778
518,599051.929,7844563.993
519,599074.965,7844552.605
520,599086.040,7844549.521
521,599068.631,7844610.240
522,599117.731,7844605.501
523,599149.460,7844559.870
524,599153.467,7844511.999
525,599130.913,7844465.911
526,599135.169,7844412.467
527,599162.560,7844367.010
528,599179.224,7844325.744
529,599338.696,7844509.666
530,599306.599,7844558.403
531,599254.495,7844600.090
532,599209.443,7844645.166
533,599181.630,7844679.710
534,599162.519,7844735.690
535,599098.089,7844723.745
536,599067.323,7844760.046
537,599060.329,7844775.921
538,599088.767,7844800.788
539,599132.805,7844865.472
540,599164.201,7844915.831
541,599196.211,7844966.666
542,599173.454,7844997.638
543,599085.477,7845024.380
544,598999.379,7845017.813
545,598978.332,7845080.576
546,598955.727,7845062.993
547,598911.949,7845105.818
548,598918.432,7845148.402
549,598901.592,7845182.913
550,598865.670,7845196.164
551,598850.592,7845206.103
552,598801.390,7845206.349
553,598791.167,7845212.729
554,598790.199,7845228.253
555,598777.274,7845237.054
556,598753.571,7845171.017
557,598757.392,7845135.462
558,598755.720,7845118.976
559,598731.886,7845086.880
561,598777.562,7845337.825
562,598789.226,7845315.939
563,598827.651,7845313.040
564,598862.725,7845299.612
565,598905.141,7845275.422
566,598918.716,7845265.243
567,598984.803,7845330.716
568,599006.036,7845371.848
569,598992.910,7845403.780
570,598992.282,7845426.971
571,599000.370,7845450.747
572,599016.208,7845448.874
573,599083.971,7845414.883
574,599040.802,7845304.174
575,599053.919,7845276.001
576,599018.931,7845191.331
577,599053.385,7845173.628
578,599076.742,7845153.048
579,599116.680,7845184.703
580,599159.486,7845250.543
581,599223.644,7845126.943
582,599231.886,7845121.283
583,599241.674,7845089.595
584,599244.047,7845085.315
585,599259.599,7845093.192
586,599265.988,7845095.187
587,599275.697,7845097.490
588,599311.870,7845104.416
589,599330.683,7845104.975
590,599343.792,7845098.066
591,599365.332,7845079.787
592,599386.619,7845071.050
593,599393.827,7845065.338
594,599443.187,7844994.978
595,599525.032,7845052.123
596,599606.144,7845092.361
597,599690.866,7845150.443
598,599694.475,7845182.547
599,599678.171,7845232.018
600,599820.701,7845232.004
601,599929.361,7845218.453
602,599922.574,7845130.177
603,599881.833,7844994.391
604,599963.275,7844899.317
605,600146.601,7844912.908
606,600190.166,7844921.869
607,600207.876,7844926.000
608,600207.154,7844923.005
609,600144.013,7844771.642
610,600138.760,7844672.900
611,600069.404,7844600.290
612,600108.568,7844565.907
613,600171.059,7844539.857
614,600223.677,7844516.808
615,600293.062,7844502.074
616,600331.639,7844501.834
617,600349.851,7844547.342
618,600382.412,7844599.830
619,600432.540,7844570.220
620,600465.497,7844547.371
621,600491.772,7844517.307
622,600562.861,7844473.401
623,600651.992,7844453.071
624,600670.740,7844504.085
625,600681.790,7844539.980
626,600714.536,7844597.085
627,600711.286,7844633.371
628,600455.148,7844742.641
629,600321.457,7844961.585
630,600317.701,7844967.252
631,600723.822,7845170.870
632,600852.761,7845367.804
633,600846.035,7845366.403
634,600452.202,7845699.171
635,600418.716,7845716.382
636,600367.570,7845741.597
637,600311.134,7845653.212
638,600247.076,7845568.682
639,600159.437,7845529.338
640,600040.909,7845569.021
641,600031.183,7845648.989
642,600125.526,7845716.821
643,600216.317,7845762.744
644,600262.953,7845853.002
645,600190.853,7845934.615
646,600129.366,7846020.260
647,600191.293,7846096.185
648,600286.658,7846130.598
649,600387.411,7846149.740
650,600488.179,7846193.167
651,600178.126,7846509.458
652,600180.058,7846516.135
653,600190.228,7846529.763
654,600163.389,7846554.207
655,600182.707,7846629.965
656,600193.223,7846734.262
657,600193.787,7846739.854
658,600310.178,7846726.693
660,600138.612,7846796.850
661,600061.516,7846778.489
662,599790.149,7846773.440
663,599820.750,7847023.179
664,599515.140,7847070.684
665,599522.008,7847192.935
666,599698.488,7847274.409
667,600037.954,7847274.412
668,600352.374,7846827.304
669,600798.447,7847593.554
670,600649.083,7847613.865
671,600397.839,7847661.414
672,600262.065,7847804.046
673,600099.149,7847803.954
674,600200.990,7847675.014
675,600085.544,7847641.015
676,599990.522,7847579.899
677,599807.140,7847579.918
678,599875.069,7847430.582
679,599623.848,7847349.080
680,599562.682,7847430.538
681,599610.210,7847749.665
682,599949.692,7847770.033
683,599963.334,7847939.834
684,599868.268,7848041.622
685,599617.010,7848068.796
686,599718.879,7848286.140
687,599861.479,7848408.305
688,599623.801,7848747.821
689,599820.699,7848836.043
690,599976.934,7848746.422
691,600004.084,7848644.568
692,600241.671,7848536.012
693,600343.571,7848719.267
694,600452.142,7848780.416
695,600370.665,7849004.420
696,600404.678,7849174.218
697,600452.157,7849330.329
698,600710.215,7849371.168
699,600601.553,7849520.512
700,600526.878,7849608.799
701,600391.082,7849561.192
702,600248.436,7849622.298
703,600241.740,7849323.641
704,599690.807,7849508.642
705,599696.304,7849511.871
706,599116.920,7850234.825
707,599106.806,7850244.487
708,599163.721,7850227.393
709,599187.297,7850216.129
710,599255.691,7850156.302
711,599395.223,7850429.855
712,599246.297,7850501.214
713,599107.822,7850600.149
714,599277.533,7850743.418
715,598965.191,7850953.851
716,599189.248,7851300.121
717,599424.992,7851372.993
718,599441.783,7851362.794
719,599457.203,7851361.750
720,599517.976,7851373.257
721,599535.309,7851372.488
722,599599.135,7851366.200
723,599652.256,7851368.138
724,599678.034,7851375.492
725,599703.083,7851396.897
726,599678.034,7851375.492
0,599703.083,7851396.897
